<ATMOSPHERE-DESCRIPTION>K2-18b Hycean Sorg1X
<ATMOSPHERE-STRUCTURE>Equilibrium
<ATMOSPHERE-PRESSURE>1.000
<ATMOSPHERE-PUNIT>bar
<ATMOSPHERE-WEIGHT>5.487687469208191
<ATMOSPHERE-NGAS>18
<ATMOSPHERE-GAS>H2,He,H2O,CH4,C2H6,CO2,C2H2,C2H4,CO,H2CO,NH3,SO2,H2S,SO,CS2,OCS,C2H6S,C2H6S2
<ATMOSPHERE-TYPE>HIT[45],HIT[0],HIT[1],HIT[6],HIT[27],HIT[2],HIT[26],HIT[38],HIT[5],HIT[20],HIT[11],HIT[9],HIT[31],HIT[50],HIT[53],HIT[19],XSEC[75-18-3],XSEC[624-92-0]
<ATMOSPHERE-ABUN>1,1,1,1,1,1,1,1,1,1,1,1,1,1,1,1,1,1
<ATMOSPHERE-UNIT>scl,scl,scl,scl,scl,scl,scl,scl,scl,scl,scl,scl,scl,scl,scl,scl,scl,scl
<ATMOSPHERE-NAERO>0
<ATMOSPHERE-LAYERS-MOLECULES>Altitude,H2,He,H2O,CH4,C2H6,CO2,C2H2,C2H4,CO,H2CO,NH3,SO2,H2S,SO,CS2,OCS,C2H6S,C2H6S2
<ATMOSPHERE-LAYERS>100
<ATMOSPHERE-LAYER-1>1.0000E+00,3.1983E+02,0.0000E+00,7.2604E-01,1.5662E-01,5.0872E-02,2.2962E-03,2.8160E-05,9.6589E-03,1.1011E-19,7.8958E-13,2.3593E-02,1.2736E-09,6.0955E-11,3.8399E-10,1.3667E-08,4.0430E-14,7.2647E-10,7.0634E-09,4.3187E-08,1.2047E-12
<ATMOSPHERE-LAYER-2>8.3022E-01,3.1659E+02,7.4777E+00,7.2305E-01,1.5469E-01,5.3722E-02,2.3770E-03,2.9152E-05,9.9944E-03,7.1073E-20,8.2760E-13,2.4424E-02,5.4200E-10,6.3103E-11,3.9859E-10,1.5576E-08,4.3632E-14,7.4617E-10,7.3556E-09,4.3586E-08,5.9595E-13
<ATMOSPHERE-LAYER-3>6.8926E-01,3.1349E+02,1.4641E+01,7.2215E-01,1.5450E-01,5.4904E-02,2.3740E-03,2.9115E-05,9.9799E-03,4.5025E-20,8.4436E-13,2.4393E-02,1.8706E-10,6.3024E-11,3.9932E-10,1.6974E-08,4.7080E-14,7.3830E-10,7.3135E-09,4.2495E-08,2.6894E-13
<ATMOSPHERE-LAYER-4>5.7224E-01,3.1047E+02,2.1720E+01,7.2120E-01,1.5429E-01,5.6151E-02,2.3708E-03,2.9077E-05,9.9646E-03,2.8663E-20,8.6781E-13,2.4361E-02,5.9485E-11,6.2940E-11,4.0025E-10,1.8356E-08,5.2497E-14,7.2963E-10,7.2104E-09,4.1438E-08,1.2258E-13
<ATMOSPHERE-LAYER-5>4.7508E-01,3.0747E+02,2.8716E+01,7.2034E-01,1.5411E-01,5.7280E-02,2.3680E-03,2.9042E-05,9.9508E-03,1.8096E-20,8.9791E-13,2.4332E-02,1.7729E-11,6.2863E-11,4.0148E-10,1.9710E-08,6.0259E-14,7.2063E-10,7.0623E-09,4.0409E-08,5.6526E-14
<ATMOSPHERE-LAYER-6>3.9442E-01,3.0455E+02,3.5632E+01,7.1944E-01,1.5392E-01,5.8457E-02,2.3649E-03,2.9005E-05,9.9364E-03,1.1479E-20,9.3481E-13,2.4301E-02,5.0326E-12,6.2784E-11,4.0299E-10,2.1021E-08,7.0881E-14,7.1147E-10,6.8816E-09,3.9393E-08,2.6380E-14
<ATMOSPHERE-LAYER-7>3.2745E-01,3.0172E+02,4.2468E+01,7.1845E-01,1.5370E-01,5.9762E-02,2.3616E-03,2.8964E-05,9.9204E-03,7.3594E-21,9.7912E-13,2.4267E-02,1.3797E-12,6.2695E-11,4.0480E-10,2.2284E-08,8.5057E-14,7.0231E-10,6.6794E-09,3.8385E-08,1.2456E-14
<ATMOSPHERE-LAYER-8>2.7186E-01,2.9898E+02,4.9225E+01,7.1736E-01,1.5347E-01,6.1199E-02,2.3579E-03,2.8920E-05,9.9028E-03,4.7730E-21,1.0318E-12,2.4229E-02,3.6914E-13,6.2597E-11,4.0696E-10,2.3494E-08,1.0372E-13,6.9338E-10,6.4652E-09,3.7383E-08,5.9441E-15
<ATMOSPHERE-LAYER-9>2.2570E-01,2.9632E+02,5.5904E+01,7.1615E-01,1.5321E-01,6.2779E-02,2.3538E-03,2.8870E-05,9.8835E-03,3.1356E-21,1.0943E-12,2.4188E-02,9.7328E-14,6.2489E-11,4.0956E-10,2.4653E-08,1.2808E-13,6.8488E-10,6.2465E-09,3.6383E-08,2.8641E-15
<ATMOSPHERE-LAYER-10>1.8738E-01,2.9376E+02,6.2504E+01,7.1482E-01,1.5293E-01,6.4524E-02,2.3493E-03,2.8816E-05,9.8622E-03,2.0924E-21,1.1680E-12,2.4143E-02,2.5541E-14,6.2370E-11,4.1265E-10,2.5760E-08,1.5974E-13,6.7699E-10,6.0290E-09,3.5382E-08,1.3930E-15
<ATMOSPHERE-LAYER-11>1.5557E-01,2.9124E+02,6.9026E+01,7.1346E-01,1.5263E-01,6.6310E-02,2.3447E-03,2.8760E-05,9.8404E-03,1.4108E-21,1.2551E-12,2.4096E-02,6.6871E-15,6.2247E-11,4.1641E-10,2.6823E-08,2.0083E-13,6.7001E-10,5.8176E-09,3.4382E-08,6.8161E-16
<ATMOSPHERE-LAYER-12>1.2915E-01,2.8875E+02,7.5471E+01,7.1214E-01,1.5235E-01,6.8050E-02,2.3401E-03,2.8705E-05,9.8191E-03,9.6092E-22,1.3581E-12,2.4050E-02,1.7502E-15,6.2125E-11,4.2097E-10,2.7850E-08,2.5418E-13,6.6420E-10,5.6160E-09,3.3379E-08,3.3438E-16
<ATMOSPHERE-LAYER-13>1.0723E-01,2.8586E+02,8.1841E+01,7.1219E-01,1.5236E-01,6.7992E-02,2.3400E-03,2.8706E-05,9.8198E-03,6.0863E-22,1.4825E-12,2.4051E-02,4.2921E-16,6.2122E-11,4.2730E-10,2.8901E-08,3.2420E-13,6.6104E-10,5.4364E-09,3.2428E-08,1.5873E-16
<ATMOSPHERE-LAYER-14>8.9022E-02,2.8248E+02,8.8153E+01,7.1407E-01,1.5276E-01,6.5633E-02,2.3460E-03,2.8780E-05,9.7481E-03,3.6199E-22,1.6340E-12,2.4113E-02,9.8237E-17,6.2274E-11,4.3590E-10,3.0009E-08,4.1691E-13,6.6118E-10,5.2827E-09,3.1533E-08,7.1911E-17
<ATMOSPHERE-LAYER-15>7.3907E-02,2.7859E+02,9.4434E+01,7.1765E-01,1.5353E-01,6.0958E-02,2.3574E-03,2.8922E-05,9.7959E-03,2.1502E-22,1.8181E-12,2.4232E-02,2.2403E-17,6.2566E-11,4.4698E-10,3.1180E-08,5.4059E-13,6.6481E-10,5.1540E-09,3.0669E-08,3.1094E-17
<ATMOSPHERE-LAYER-16>6.1359E-02,2.7420E+02,1.0070E+02,7.2273E-01,1.5461E-01,5.4309E-02,2.3737E-03,2.9124E-05,9.8640E-03,1.4003E-22,2.0412E-12,2.4401E-02,5.8305E-18,6.2978E-11,4.6078E-10,3.2418E-08,7.0683E-13,6.7216E-10,5.0500E-09,2.9809E-08,1.3267E-17
<ATMOSPHERE-LAYER-17>5.0941E-02,2.6932E+02,1.0697E+02,7.3012E-01,1.5619E-01,4.4658E-02,2.3975E-03,2.9418E-05,9.9632E-03,1.0559E-22,2.3150E-12,2.4648E-02,2.0382E-18,6.3571E-11,4.7826E-10,3.3769E-08,9.3403E-13,6.8447E-10,4.9783E-09,2.8960E-08,6.5284E-18
<ATMOSPHERE-LAYER-18>4.2292E-02,2.6362E+02,1.1330E+02,7.3880E-01,1.5805E-01,3.3314E-02,2.4254E-03,2.9764E-05,1.0080E-02,8.7559E-23,2.6481E-12,2.4938E-02,1.0107E-18,6.4251E-11,4.9934E-10,3.5198E-08,1.2472E-12,7.0148E-10,4.9360E-09,2.8054E-08,5.4160E-18
<ATMOSPHERE-LAYER-19>3.5112E-02,2.5753E+02,1.1968E+02,7.4636E-01,1.5966E-01,2.3435E-02,2.4496E-03,3.0064E-05,1.0181E-02,7.7132E-23,3.0422E-12,2.5190E-02,6.5213E-19,6.4799E-11,5.2293E-10,3.6587E-08,1.6779E-12,7.2149E-10,4.9141E-09,2.6984E-08,9.2010E-18
<ATMOSPHERE-LAYER-20>2.9151E-02,2.5118E+02,1.2610E+02,7.5235E-01,1.6094E-01,1.5614E-02,2.4685E-03,3.0300E-05,1.0260E-02,6.9749E-23,3.5034E-12,2.5388E-02,4.9633E-19,6.5167E-11,5.4906E-10,3.7896E-08,2.2726E-12,7.4444E-10,4.9177E-09,2.5730E-08,2.3226E-17
<ATMOSPHERE-LAYER-21>2.4201E-02,2.4461E+02,1.3251E+02,7.5678E-01,1.6188E-01,9.8376E-03,2.4821E-03,3.0472E-05,1.0317E-02,6.4146E-23,4.0382E-12,2.5532E-02,4.3938E-19,6.5351E-11,5.7804E-10,3.9108E-08,3.0991E-12,7.7021E-10,4.9526E-09,2.4301E-08,6.8450E-17
<ATMOSPHERE-LAYER-22>2.0092E-02,2.3782E+02,1.3888E+02,7.5986E-01,1.6254E-01,5.8336E-03,2.4910E-03,3.0589E-05,1.0355E-02,5.9317E-23,4.6536E-12,2.5630E-02,5.4850E-19,6.5362E-11,6.1027E-10,4.0213E-08,4.2569E-12,7.9805E-10,5.0216E-09,2.2717E-08,2.4042E-16
<ATMOSPHERE-LAYER-23>1.6681E-02,2.3080E+02,1.4516E+02,7.6187E-01,1.6296E-01,3.2369E-03,2.4963E-03,3.0661E-05,1.0378E-02,5.3169E-23,5.3566E-12,2.5691E-02,1.7804E-18,6.5220E-11,6.4617E-10,4.1205E-08,5.8959E-12,8.2596E-10,5.1227E-09,2.1004E-08,9.5206E-16
<ATMOSPHERE-LAYER-24>1.3849E-02,2.2337E+02,1.5131E+02,7.6312E-01,1.6323E-01,1.6338E-03,2.4990E-03,3.0701E-05,1.0390E-02,4.1595E-23,6.1543E-12,2.5726E-02,1.1811E-17,6.4950E-11,6.8614E-10,4.2085E-08,8.2444E-12,8.5030E-10,5.2503E-09,1.9195E-08,4.1683E-15
<ATMOSPHERE-LAYER-25>1.1498E-02,2.1590E+02,1.5729E+02,7.6380E-01,1.6337E-01,7.7785E-04,2.4995E-03,3.0717E-05,1.0393E-02,2.9326E-23,7.0538E-12,2.5740E-02,7.9008E-17,6.4565E-11,7.3044E-10,4.2846E-08,1.1661E-11,8.6656E-10,5.3961E-09,1.7319E-08,1.8371E-14
<ATMOSPHERE-LAYER-26>9.5455E-03,2.0993E+02,1.6310E+02,7.6410E-01,1.6342E-01,4.2671E-04,2.4986E-03,3.0717E-05,1.0391E-02,2.3444E-23,8.0714E-12,2.5740E-02,4.4448E-16,6.4076E-11,7.7967E-10,4.3487E-08,1.6769E-11,8.7102E-10,5.5544E-09,1.5381E-08,6.8428E-14
<ATMOSPHERE-LAYER-27>7.9248E-03,2.0509E+02,1.6876E+02,7.6427E-01,1.6345E-01,2.6216E-04,2.4971E-03,3.0709E-05,1.0386E-02,2.0780E-23,9.1724E-12,2.5735E-02,2.0241E-15,6.3522E-11,8.3185E-10,4.3985E-08,2.4263E-11,8.6175E-10,5.7152E-09,1.3478E-08,2.2868E-13
<ATMOSPHERE-LAYER-28>6.5793E-03,2.0096E+02,1.7430E+02,7.6437E-01,1.6347E-01,1.7283E-04,2.4952E-03,3.0698E-05,1.0379E-02,2.3958E-23,1.0351E-11,2.5726E-02,7.5820E-15,6.2916E-11,8.8613E-10,4.4333E-08,3.5373E-11,8.3899E-10,5.8742E-09,1.1626E-08,7.8449E-13
<ATMOSPHERE-LAYER-29>5.4623E-03,1.9738E+02,1.7973E+02,7.6446E-01,1.6348E-01,1.2068E-04,2.4931E-03,3.0684E-05,1.0372E-02,8.8683E-23,1.1616E-11,2.5716E-02,2.3881E-14,6.2255E-11,9.4228E-10,4.4529E-08,5.2148E-11,8.0196E-10,6.0249E-09,9.8126E-09,3.1258E-12
<ATMOSPHERE-LAYER-30>4.5349E-03,1.9431E+02,1.8507E+02,7.6453E-01,1.6348E-01,8.9537E-05,2.4908E-03,3.0668E-05,1.0364E-02,1.5353E-20,1.2974E-11,2.5705E-02,6.4378E-14,6.1535E-11,1.0002E-09,4.4572E-08,7.7544E-11,7.4777E-10,6.1395E-09,8.0321E-09,1.3820E-11
<ATMOSPHERE-LAYER-31>3.7649E-03,1.9161E+02,1.9034E+02,7.6459E-01,1.6348E-01,6.9486E-05,2.4882E-03,3.0651E-05,1.0355E-02,1.9892E-18,1.4423E-11,2.5692E-02,1.5110E-13,6.0748E-11,1.0614E-09,4.4473E-08,1.1528E-10,6.7350E-10,6.1435E-09,6.3018E-09,5.1711E-11
<ATMOSPHERE-LAYER-32>3.1257E-03,1.8925E+02,1.9553E+02,7.6466E-01,1.6349E-01,5.6370E-05,2.4853E-03,3.0631E-05,1.0345E-02,1.1692E-16,1.5936E-11,2.5678E-02,3.1529E-13,5.9889E-11,1.1315E-09,4.4264E-08,1.6948E-10,5.8029E-10,5.9460E-09,4.6673E-09,1.3062E-10
<ATMOSPHERE-LAYER-33>2.5950E-03,1.8734E+02,2.0067E+02,7.6472E-01,1.6349E-01,4.8871E-05,2.4822E-03,3.0609E-05,1.0334E-02,3.4162E-15,1.7459E-11,2.5662E-02,6.0538E-13,5.8946E-11,1.2254E-09,4.3978E-08,2.4531E-10,4.7463E-10,5.5222E-09,3.1959E-09,2.2352E-10
<ATMOSPHERE-LAYER-34>2.1544E-03,1.8590E+02,2.0576E+02,7.6479E-01,1.6349E-01,5.1600E-05,2.4787E-03,3.0584E-05,1.0322E-02,5.4289E-14,1.8891E-11,2.5644E-02,1.1443E-12,5.7909E-11,1.3714E-09,4.3617E-08,3.5265E-10,3.6584E-10,4.9217E-09,1.9572E-09,2.7537E-10
<ATMOSPHERE-LAYER-35>1.7886E-03,1.8491E+02,2.1082E+02,7.6486E-01,1.6349E-01,5.1051E-05,2.4749E-03,3.0557E-05,1.0308E-02,5.0758E-13,2.0081E-11,2.5625E-02,2.4061E-12,5.6763E-11,1.6163E-09,4.3126E-08,5.1512E-10,2.6216E-10,4.2291E-09,1.0002E-09,2.4550E-10
<ATMOSPHERE-LAYER-36>1.4850E-03,1.8433E+02,2.1585E+02,7.6494E-01,1.6349E-01,5.0443E-05,2.4706E-03,3.0527E-05,1.0293E-02,2.9790E-12,2.0828E-11,2.5603E-02,6.2795E-12,5.5491E-11,2.0302E-09,4.2370E-08,7.8968E-10,1.6909E-10,3.5309E-09,3.5176E-10,1.4066E-10
<ATMOSPHERE-LAYER-37>1.2328E-03,1.8446E+02,2.2088E+02,7.6503E-01,1.6349E-01,4.9764E-05,2.4659E-03,3.0493E-05,1.0277E-02,1.1260E-11,2.0892E-11,2.5579E-02,1.9098E-11,5.4071E-11,2.7071E-09,4.1135E-08,1.3069E-09,9.1667E-11,2.8979E-09,4.4052E-11,3.2979E-11
<ATMOSPHERE-LAYER-38>1.0235E-03,1.8507E+02,2.2592E+02,7.6514E-01,1.6349E-01,4.9001E-05,2.4605E-03,3.0455E-05,1.0258E-02,2.8807E-11,2.0137E-11,2.5552E-02,4.9636E-11,5.2475E-11,3.7354E-09,3.9164E-08,2.2016E-09,3.8229E-11,2.3694E-09,1.9346E-12,6.8119E-12
<ATMOSPHERE-LAYER-39>8.4975E-04,1.8580E+02,2.3098E+02,7.6525E-01,1.6349E-01,4.8142E-05,2.4545E-03,3.0412E-05,1.0237E-02,5.1421E-11,1.8709E-11,2.5521E-02,1.0480E-10,5.0677E-11,5.1234E-09,3.6450E-08,3.4154E-09,1.1820E-11,1.9435E-09,4.7150E-14,3.0382E-12
<ATMOSPHERE-LAYER-40>7.0548E-04,1.8658E+02,2.3606E+02,7.6538E-01,1.6349E-01,4.7175E-05,2.4477E-03,3.0364E-05,1.0213E-02,6.1492E-11,1.6672E-11,2.5487E-02,1.7818E-10,4.8645E-11,6.8304E-09,3.3073E-08,5.0088E-09,2.6977E-12,1.5992E-09,7.4890E-16,1.6434E-12
<ATMOSPHERE-LAYER-41>5.8570E-04,1.8738E+02,2.4118E+02,7.6553E-01,1.6349E-01,4.6084E-05,2.4401E-03,3.0310E-05,1.0187E-02,4.1577E-11,1.3963E-11,2.5448E-02,2.9397E-10,4.6348E-11,8.7755E-09,2.9045E-08,7.0739E-09,4.8223E-13,1.3151E-09,1.1362E-17,9.3643E-13
<ATMOSPHERE-LAYER-42>4.8626E-04,1.8814E+02,2.4633E+02,7.6569E-01,1.6349E-01,4.4855E-05,2.4315E-03,3.0248E-05,1.0157E-02,9.5567E-12,1.0374E-11,2.5404E-02,6.8648E-10,4.3750E-11,1.0845E-08,2.4298E-08,9.7400E-09,7.2627E-14,1.0747E-09,8.0693E-19,5.0570E-13
<ATMOSPHERE-LAYER-43>4.0370E-04,1.8883E+02,2.5150E+02,7.6588E-01,1.6348E-01,4.3471E-05,2.4217E-03,3.0180E-05,1.0124E-02,1.3786E-12,8.5235E-12,2.5355E-02,1.0639E-09,4.0811E-11,1.2822E-08,1.9088E-08,1.2984E-08,8.1825E-15,8.6418E-10,2.7581E-19,1.4842E-13
<ATMOSPHERE-LAYER-44>3.3516E-04,1.8957E+02,2.5671E+02,7.6609E-01,1.6348E-01,4.1918E-05,2.4108E-03,3.0102E-05,1.0086E-02,1.7971E-13,8.5074E-12,2.5300E-02,1.1172E-09,3.7487E-11,1.4179E-08,1.4843E-08,1.5845E-08,7.2497E-16,6.8518E-10,1.2201E-19,4.7704E-14
<ATMOSPHERE-LAYER-45>2.7826E-04,1.9055E+02,2.6195E+02,7.6632E-01,1.6348E-01,4.0178E-05,2.3984E-03,3.0016E-05,1.0043E-02,3.1648E-14,9.0712E-12,2.5238E-02,1.0983E-09,3.3732E-11,1.4841E-08,1.1616E-08,1.8330E-08,5.3418E-17,5.3605E-10,5.7128E-20,1.6732E-14
<ATMOSPHERE-LAYER-46>2.3101E-04,1.9167E+02,2.6722E+02,7.6659E-01,1.6348E-01,3.8229E-05,2.3844E-03,2.9918E-05,9.9957E-03,2.0460E-14,9.6281E-12,2.5168E-02,1.1239E-09,2.9509E-11,1.5011E-08,9.0794E-09,2.0561E-08,3.3821E-18,4.1272E-10,2.6056E-20,5.7446E-15
<ATMOSPHERE-LAYER-47>1.9179E-04,1.9276E+02,2.7254E+02,7.6689E-01,1.6348E-01,3.6058E-05,2.3686E-03,2.9808E-05,9.9420E-03,3.4587E-14,9.8758E-12,2.5089E-02,1.2388E-09,2.4821E-11,1.4931E-08,6.9430E-09,2.2585E-08,1.8493E-19,3.1141E-10,1.0653E-20,1.7576E-15
<ATMOSPHERE-LAYER-48>1.5923E-04,1.9374E+02,2.7791E+02,7.6723E-01,1.6347E-01,3.3666E-05,2.3507E-03,2.9685E-05,9.8814E-03,6.9881E-14,9.7440E-12,2.5000E-02,1.4593E-09,1.9756E-11,1.4761E-08,5.1352E-09,2.4310E-08,8.5716E-21,2.2914E-10,3.8908E-21,4.7096E-16
<ATMOSPHERE-LAYER-49>1.3219E-04,1.9480E+02,2.8332E+02,7.6761E-01,1.6347E-01,3.1071E-05,2.3305E-03,2.9546E-05,9.8133E-03,1.3793E-13,9.5049E-12,2.4900E-02,1.7914E-09,1.4574E-11,1.4562E-08,3.7223E-09,2.5605E-08,3.2953E-22,1.6349E-10,1.4384E-21,1.1962E-16
<ATMOSPHERE-LAYER-50>1.0975E-04,1.9614E+02,2.8878E+02,7.6803E-01,1.6346E-01,2.8315E-05,2.3077E-03,2.9391E-05,9.7364E-03,2.4697E-13,9.5267E-12,2.4788E-02,2.2313E-09,9.7576E-12,1.4348E-08,2.6977E-09,2.6458E-08,1.0441E-23,1.1230E-10,6.0909E-22,3.1719E-17
<ATMOSPHERE-LAYER-51>9.1116E-05,1.9738E+02,2.9430E+02,7.6852E-01,1.6346E-01,2.5464E-05,2.2817E-03,2.9217E-05,9.6497E-03,3.9464E-13,9.7465E-12,2.4661E-02,2.7489E-09,5.8819E-12,1.4149E-08,1.9590E-09,2.6938E-08,2.7152E-25,7.3733E-11,2.8042E-22,9.2332E-18
<ATMOSPHERE-LAYER-52>7.5646E-05,1.9859E+02,2.9987E+02,7.6906E-01,1.6345E-01,2.2610E-05,2.2524E-03,2.9022E-05,9.5518E-03,5.8025E-13,1.0328E-11,2.4518E-02,3.3185E-09,3.2547E-12,1.3946E-08,1.4302E-09,2.7137E-08,4.0436E-27,4.5949E-11,1.5238E-22,3.3639E-18
<ATMOSPHERE-LAYER-53>6.2803E-05,1.9994E+02,3.0551E+02,7.6968E-01,1.6344E-01,1.9844E-05,2.2191E-03,2.8805E-05,9.4414E-03,8.5413E-13,1.1658E-11,2.4357E-02,3.9349E-09,1.7209E-12,1.3688E-08,1.0540E-09,2.7160E-08,0.0000E+00,2.6982E-11,1.1393E-22,1.9183E-18
<ATMOSPHERE-LAYER-54>5.2140E-05,2.0157E+02,3.1121E+02,7.7037E-01,1.6343E-01,1.7242E-05,2.1813E-03,2.8564E-05,9.3168E-03,1.4514E-12,1.4365E-11,2.4176E-02,4.6108E-09,9.1131E-13,1.3332E-08,7.8926E-10,2.7085E-08,0.0000E+00,1.4871E-11,1.3258E-22,2.0377E-18
<ATMOSPHERE-LAYER-55>4.3288E-05,2.0351E+02,3.1699E+02,7.7115E-01,1.6341E-01,1.4866E-05,2.1384E-03,2.8296E-05,9.1760E-03,3.3179E-12,1.9602E-11,2.3971E-02,5.3617E-09,5.1745E-13,1.2867E-08,6.0674E-10,2.6943E-08,0.0000E+00,7.8044E-12,2.3425E-22,3.6775E-18
<ATMOSPHERE-LAYER-56>3.5938E-05,2.0592E+02,3.2287E+02,7.7204E-01,1.6339E-01,1.2753E-05,2.0893E-03,2.7999E-05,9.0165E-03,1.0550E-11,3.0363E-11,2.3739E-02,6.2115E-09,3.6282E-13,1.2318E-08,4.8741E-10,2.6720E-08,0.0000E+00,4.1992E-12,5.8844E-22,8.9040E-18
<ATMOSPHERE-LAYER-57>2.9836E-05,2.0869E+02,3.2886E+02,7.7305E-01,1.6337E-01,1.0919E-05,2.0330E-03,2.7674E-05,8.8357E-03,4.1989E-11,5.3119E-11,2.3476E-02,7.1298E-09,3.8165E-13,1.1745E-08,4.1441E-10,2.6361E-08,0.0000E+00,2.7777E-12,1.8908E-21,2.4120E-17
<ATMOSPHERE-LAYER-58>2.4771E-05,2.1149E+02,3.3498E+02,7.7419E-01,1.6334E-01,9.3589E-06,1.9685E-03,2.7324E-05,8.6312E-03,1.8747E-10,1.0329E-10,2.3177E-02,8.0287E-09,6.0699E-13,1.1201E-08,3.7222E-10,2.5813E-08,0.0000E+00,2.5834E-12,6.8585E-21,6.6471E-17
<ATMOSPHERE-LAYER-59>2.0565E-05,2.1394E+02,3.4124E+02,7.7549E-01,1.6329E-01,8.0486E-06,1.8945E-03,2.6962E-05,8.4007E-03,8.7542E-10,2.2747E-10,2.2838E-02,8.8339E-09,1.2063E-12,1.0698E-08,3.4755E-10,2.5068E-08,0.0000E+00,2.9907E-12,2.4754E-20,1.7945E-16
<ATMOSPHERE-LAYER-60>1.7074E-05,2.1582E+02,3.4764E+02,7.7695E-01,1.6325E-01,6.9478E-06,1.8102E-03,2.6610E-05,8.1428E-03,4.0774E-09,6.0366E-10,2.2455E-02,9.6097E-09,2.6014E-12,1.0192E-08,3.3217E-10,2.4166E-08,4.6038E-24,3.6836E-12,8.2081E-20,4.7139E-16
<ATMOSPHERE-LAYER-61>1.4175E-05,2.1700E+02,3.5417E+02,7.7857E-01,1.6319E-01,6.0064E-06,1.7145E-03,2.6304E-05,7.8569E-03,1.8289E-08,1.9314E-09,2.2025E-02,1.0725E-08,5.7495E-12,9.6007E-09,3.2592E-10,2.3180E-08,1.8428E-23,4.5482E-12,2.5169E-19,1.2073E-15
<ATMOSPHERE-LAYER-62>1.1768E-05,2.1737E+02,3.6083E+02,7.8037E-01,1.6311E-01,5.1757E-06,1.6069E-03,2.6091E-05,7.5431E-03,7.6709E-08,6.5833E-09,2.1545E-02,1.3038E-08,1.2740E-11,8.8317E-09,3.4178E-10,2.2178E-08,1.1603E-21,5.5220E-12,7.9559E-19,3.0121E-15
<ATMOSPHERE-LAYER-63>9.7701E-06,2.1680E+02,3.6759E+02,7.8234E-01,1.6302E-01,4.4295E-06,1.4869E-03,2.6017E-05,7.2026E-03,2.8966E-07,2.0127E-08,2.1014E-02,1.7406E-08,2.8009E-11,7.8636E-09,4.1877E-10,2.1135E-08,6.4545E-20,6.4959E-12,3.0195E-18,7.2460E-15
<ATMOSPHERE-LAYER-64>8.1113E-06,2.1557E+02,3.7445E+02,7.8449E-01,1.6292E-01,3.7798E-06,1.3540E-03,2.6123E-05,6.8374E-03,9.3007E-07,4.7373E-08,2.0431E-02,2.2269E-08,6.0744E-11,6.8284E-09,6.3037E-10,1.9834E-08,0.0000E+00,7.3478E-12,1.3274E-17,1.6317E-14
<ATMOSPHERE-LAYER-65>6.7342E-06,2.1395E+02,3.8140E+02,7.8681E-01,1.6278E-01,3.2528E-06,1.2079E-03,2.6436E-05,6.4496E-03,2.4336E-06,8.3384E-08,1.9792E-02,2.4606E-08,1.2922E-10,5.8986E-09,1.0270E-09,1.8037E-08,0.0000E+00,7.9369E-12,4.8958E-17,3.3313E-14
<ATMOSPHERE-LAYER-66>5.5908E-06,2.1214E+02,3.8842E+02,7.8931E-01,1.6262E-01,2.8582E-06,1.0477E-03,2.6977E-05,6.0408E-03,5.2745E-06,1.2739E-07,1.9095E-02,2.5244E-08,2.6707E-10,5.1016E-09,1.6397E-09,1.5667E-08,1.7804E-19,8.1918E-12,1.4148E-16,6.1494E-14
<ATMOSPHERE-LAYER-67>4.6416E-06,2.1034E+02,3.9554E+02,7.9199E-01,1.6241E-01,2.5927E-06,8.7218E-04,2.7763E-05,5.6126E-03,9.8457E-06,2.6245E-07,1.8339E-02,3.4044E-08,5.2663E-10,4.3718E-09,2.8556E-09,1.2369E-08,1.9252E-18,8.1056E-12,9.0642E-16,1.0394E-13
<ATMOSPHERE-LAYER-68>3.8535E-06,2.0864E+02,4.0276E+02,7.9485E-01,1.6216E-01,2.4529E-06,6.7950E-04,2.8860E-05,5.1670E-03,1.6030E-05,1.1162E-06,1.7520E-02,3.9897E-08,9.0278E-10,3.7002E-09,3.8606E-09,8.9564E-09,1.1642E-17,7.6073E-12,1.1268E-14,1.5837E-13
<ATMOSPHERE-LAYER-69>3.1993E-06,2.0713E+02,4.1011E+02,7.9787E-01,1.6184E-01,2.4268E-06,4.6912E-04,3.0259E-05,4.7060E-03,2.3054E-05,3.6280E-06,1.6637E-02,3.8897E-08,1.1871E-09,3.0023E-09,4.3971E-09,5.9393E-09,2.4059E-17,6.5608E-12,4.4792E-14,2.0305E-13
<ATMOSPHERE-LAYER-70>2.6561E-06,2.0588E+02,4.1760E+02,8.0106E-01,1.6144E-01,2.4636E-06,2.6859E-04,2.6739E-05,4.2336E-03,2.8425E-05,5.9082E-06,1.5685E-02,3.9502E-08,1.2101E-09,2.1869E-09,4.6492E-09,3.7642E-09,2.5977E-17,5.1455E-12,7.3060E-14,2.0162E-13
<ATMOSPHERE-LAYER-71>2.2051E-06,2.0492E+02,4.2527E+02,8.0441E-01,1.6096E-01,2.4482E-06,1.2877E-04,1.5482E-05,3.7556E-03,2.7331E-05,4.9778E-06,1.4662E-02,4.2346E-08,9.7950E-10,1.5963E-09,4.3075E-09,2.7907E-09,1.6873E-17,3.8193E-12,6.6946E-14,1.5917E-13
<ATMOSPHERE-LAYER-72>1.8307E-06,2.0426E+02,4.3314E+02,8.0796E-01,1.6038E-01,2.3172E-06,5.5171E-05,6.0399E-06,3.2785E-03,2.0425E-05,2.5772E-06,1.3566E-02,4.6148E-08,6.6182E-10,1.3290E-09,3.6232E-09,2.4585E-09,8.1479E-18,2.7495E-12,4.3303E-14,1.0916E-13
<ATMOSPHERE-LAYER-73>1.5199E-06,2.0395E+02,4.4125E+02,8.1172E-01,1.5967E-01,2.1317E-06,2.2113E-05,1.7550E-06,2.8082E-03,1.3033E-05,9.4834E-07,1.2402E-02,4.9699E-08,3.9047E-10,1.2215E-09,2.7885E-09,2.3733E-09,3.2332E-18,1.8869E-12,2.2110E-14,6.8329E-14
<ATMOSPHERE-LAYER-74>1.2619E-06,2.0402E+02,4.4963E+02,8.1565E-01,1.5880E-01,1.9744E-06,8.1140E-06,3.8488E-07,2.3509E-03,7.8356E-06,2.5958E-07,1.1177E-02,5.3335E-08,2.0539E-10,1.1493E-09,1.9279E-09,2.3263E-09,1.0088E-18,1.1873E-12,8.8454E-15,3.9668E-14
<ATMOSPHERE-LAYER-75>1.0476E-06,2.0452E+02,4.5832E+02,8.1973E-01,1.5773E-01,1.8985E-06,2.2198E-06,5.4118E-08,1.9139E-03,4.7618E-06,4.7511E-08,9.9053E-03,6.4820E-08,8.8286E-11,1.0526E-09,1.1762E-09,2.1882E-09,2.0376E-19,6.5748E-13,2.0095E-15,2.1619E-14
<ATMOSPHERE-LAYER-76>8.6975E-07,2.0540E+02,4.6738E+02,8.2400E-01,1.5643E-01,1.9397E-06,3.1317E-07,5.5160E-09,1.5056E-03,2.8567E-06,5.9163E-09,8.6073E-03,3.8717E-08,2.0310E-11,9.0901E-10,6.3141E-10,1.9099E-09,1.9790E-20,3.4173E-13,3.7439E-17,1.1242E-14
<ATMOSPHERE-LAYER-77>7.2208E-07,2.0651E+02,4.7682E+02,8.2846E-01,1.5484E-01,2.1396E-06,3.9703E-08,5.2517E-10,1.1364E-03,1.6741E-06,6.5173E-10,7.3101E-03,7.0324E-09,4.2227E-12,7.3283E-10,3.2994E-10,1.4893E-09,2.2925E-21,1.9341E-13,1.6406E-18,5.6105E-15
<ATMOSPHERE-LAYER-78>5.9948E-07,2.0775E+02,4.8669E+02,8.3307E-01,1.5294E-01,2.5376E-06,4.8317E-09,4.7349E-11,8.1685E-04,9.9768E-07,7.4218E-11,6.0466E-03,1.6190E-09,8.5551E-13,5.6441E-10,1.7314E-10,1.0376E-09,4.3639E-22,1.0852E-13,1.9180E-19,2.6406E-15
<ATMOSPHERE-LAYER-79>4.9770E-07,2.0901E+02,4.9698E+02,8.3779E-01,1.5068E-01,3.1236E-06,5.9751E-10,4.0895E-12,5.5441E-04,6.1048E-07,1.1318E-11,4.8534E-03,7.0464E-10,1.7946E-13,4.0927E-10,9.0919E-11,6.5163E-10,1.0280E-22,5.7901E-14,4.6485E-20,1.1499E-15
<ATMOSPHERE-LAYER-80>4.1320E-07,2.1021E+02,5.0770E+02,8.4262E-01,1.4804E-01,3.7032E-06,8.6268E-11,3.4233E-13,3.5211E-04,3.8042E-07,2.9708E-12,3.7664E-03,4.7194E-10,4.4900E-14,2.6539E-10,4.8859E-11,3.7653E-10,2.5721E-23,2.8829E-14,1.7550E-20,4.5715E-16
<ATMOSPHERE-LAYER-81>3.4305E-07,2.1125E+02,5.1882E+02,8.4755E-01,1.4501E-01,3.8988E-06,1.8330E-11,2.8124E-14,2.0756E-04,2.3759E-07,1.1062E-12,2.8158E-03,3.6090E-10,1.6992E-14,1.4574E-10,2.7915E-11,2.0650E-10,7.1170E-24,1.3240E-14,7.2680E-21,1.6417E-16
<ATMOSPHERE-LAYER-82>2.8480E-07,2.1188E+02,5.3029E+02,8.5257E-01,1.4159E-01,3.4931E-06,6.3210E-12,2.3001E-15,1.1296E-04,1.4628E-07,4.6415E-13,2.0216E-03,3.0219E-10,9.6002E-15,6.5928E-11,1.7529E-11,1.0825E-10,2.4838E-24,5.6925E-15,3.0285E-21,5.2774E-17
<ATMOSPHERE-LAYER-83>2.3645E-07,2.1181E+02,5.4206E+02,8.5768E-01,1.3782E-01,2.6684E-06,3.9620E-12,1.9858E-16,5.6649E-05,8.7217E-08,2.8171E-13,1.3911E-03,3.7717E-10,5.7408E-15,2.4322E-11,1.2153E-11,5.2686E-11,1.4874E-24,2.8323E-15,1.6036E-21,1.5096E-17
<ATMOSPHERE-LAYER-84>1.9630E-07,2.1078E+02,5.5404E+02,8.6286E-01,1.3374E-01,1.7767E-06,6.5303E-12,8.2294E-17,2.6212E-05,4.8949E-08,4.2826E-13,9.1703E-04,1.1725E-09,2.8426E-15,7.2377E-12,9.0796E-12,2.2623E-11,2.2618E-24,3.1760E-15,1.8911E-21,3.8448E-18
<ATMOSPHERE-LAYER-85>1.6298E-07,2.0872E+02,5.6613E+02,8.6810E-01,1.2940E-01,1.0552E-06,1.8055E-11,4.8792E-16,1.1225E-05,2.4360E-08,1.1067E-12,5.7951E-04,5.2928E-09,1.0862E-15,1.6939E-12,6.8860E-12,8.0582E-12,4.9518E-24,6.1980E-15,4.6848E-21,8.7669E-19
<ATMOSPHERE-LAYER-86>1.3530E-07,2.0573E+02,5.7824E+02,8.7331E-01,1.2486E-01,5.7147E-07,3.4852E-11,2.5206E-15,4.4664E-06,1.0281E-08,3.6948E-12,3.5155E-04,1.3970E-08,3.3830E-16,3.0749E-13,4.8131E-12,2.2894E-12,5.2391E-24,6.9676E-15,6.4277E-21,1.7458E-19
<ATMOSPHERE-LAYER-87>1.1233E-07,2.0209E+02,5.9028E+02,8.7842E-01,1.2015E-01,2.8973E-07,5.1571E-11,7.9573E-15,1.6566E-06,4.0841E-09,1.0577E-11,2.0495E-04,2.2533E-08,9.6526E-17,4.6012E-14,2.8840E-12,5.5107E-13,2.5040E-24,4.1676E-15,4.9806E-21,2.7464E-20
<ATMOSPHERE-LAYER-88>9.3260E-08,1.9809E+02,6.0221E+02,8.8332E-01,1.1530E-01,1.4099E-07,7.7654E-11,1.8286E-14,5.7339E-07,1.9063E-09,2.0202E-11,1.1485E-04,2.7359E-08,2.8083E-17,6.2936E-15,1.4871E-12,1.2614E-13,7.0943E-25,1.7135E-15,2.7643E-21,2.9987E-21
<ATMOSPHERE-LAYER-89>7.7426E-08,1.9449E+02,6.1399E+02,8.8794E-01,1.1031E-01,6.7709E-08,1.2638E-10,3.3075E-14,1.8415E-07,1.1220E-09,2.6933E-11,6.1724E-05,2.7257E-08,9.1974E-18,8.2245E-16,6.6896E-13,2.8933E-14,1.4611E-25,5.7735E-16,1.1995E-21,2.1397E-22
<ATMOSPHERE-LAYER-90>6.4281E-08,1.9202E+02,6.2563E+02,8.9216E-01,1.0513E-01,3.2951E-08,1.9909E-10,4.4526E-14,5.4010E-08,7.2548E-10,2.6878E-11,3.1609E-05,2.1994E-08,3.7750E-18,9.8597E-17,2.5862E-13,6.4288E-15,2.2728E-26,1.6479E-16,3.8627E-22,1.0301E-23
<ATMOSPHERE-LAYER-91>5.3367E-08,1.9151E+02,6.3720E+02,8.9573E-01,9.9694E-02,1.6539E-08,2.7233E-10,4.3005E-14,1.4016E-08,4.7273E-10,2.1908E-11,1.5237E-05,1.4005E-08,2.0750E-18,9.6572E-18,7.9742E-14,1.2835E-15,2.3798E-27,3.7239E-17,8.7630E-23,3.4362E-25
<ATMOSPHERE-LAYER-92>4.4306E-08,1.9337E+02,6.4883E+02,8.9838E-01,9.3936E-02,8.5262E-09,3.0888E-10,3.0648E-14,3.0551E-09,2.9935E-10,1.5061E-11,6.7888E-06,6.9817E-09,1.3900E-18,6.3371E-19,1.7482E-14,2.0362E-16,1.1677E-28,5.7627E-18,1.3476E-23,7.4889E-27
<ATMOSPHERE-LAYER-93>3.6784E-08,1.9732E+02,6.6066E+02,8.9977E-01,8.7833E-02,4.4128E-09,2.8854E-10,1.6654E-14,5.1766E-10,1.7442E-10,8.4512E-12,2.7341E-06,2.7156E-09,9.3901E-19,2.0565E-20,2.5797E-15,2.2978E-17,6.2791E-31,4.9829E-19,1.2997E-24,8.9084E-29
<ATMOSPHERE-LAYER-94>3.0539E-08,2.0223E+02,6.7285E+02,8.9961E-01,8.1450E-02,2.2273E-09,2.2546E-10,7.0731E-15,6.1013E-11,8.8465E-11,3.7510E-12,9.7468E-07,8.3907E-10,5.7224E-19,2.1051E-22,2.8537E-16,1.8090E-18,6.3788E-32,1.9129E-20,6.5517E-26,4.0089E-31
<ATMOSPHERE-LAYER-95>2.5354E-08,2.0649E+02,6.8547E+02,8.9774E-01,7.4934E-02,1.0714E-09,1.5121E-10,2.4045E-15,4.1998E-12,3.7945E-11,1.3216E-12,3.0343E-07,2.1812E-10,3.1316E-19,6.8030E-24,2.8313E-17,1.0606E-19,0.0000E+00,4.3911E-22,9.5682E-28,2.3673E-34
<ATMOSPHERE-LAYER-96>2.1049E-08,2.0960E+02,6.9851E+02,8.9412E-01,6.8417E-02,4.8607E-10,8.8654E-11,6.6392E-16,1.0511E-13,1.3703E-11,3.7947E-13,8.1767E-08,5.0112E-11,1.5791E-19,0.0000E+00,2.6433E-18,5.0820E-21,6.7878E-34,1.1614E-23,0.0000E+00,0.0000E+00
<ATMOSPHERE-LAYER-97>1.7475E-08,2.1164E+02,7.1191E+02,8.8877E-01,6.2001E-02,2.0679E-10,4.6152E-11,1.5078E-16,0.0000E+00,4.1842E-12,9.1532E-14,1.8887E-08,1.0404E-11,7.4034E-20,2.0891E-26,2.2339E-19,2.0874E-22,0.0000E+00,0.0000E+00,3.4911E-31,1.3083E-40
<ATMOSPHERE-LAYER-98>1.4508E-08,2.1286E+02,7.2561E+02,8.8170E-01,5.5767E-02,8.2158E-11,2.1641E-11,2.8484E-17,1.1869E-16,1.0834E-12,1.8984E-14,3.6874E-09,1.9613E-12,3.2202E-20,0.0000E+00,1.5965E-20,6.6430E-24,2.1211E-35,3.4002E-26,0.0000E+00,7.5635E-44
<ATMOSPHERE-LAYER-99>1.2045E-08,2.1348E+02,7.3959E+02,8.7286E-01,4.9779E-02,3.0420E-11,9.2391E-12,4.4963E-18,0.0000E+00,2.3707E-13,3.4212E-15,5.9516E-10,3.3417E-13,1.2963E-20,3.6074E-28,8.7571E-22,1.1608E-25,0.0000E+00,0.0000E+00,7.0800E-34,1.3313E-44
<ATMOSPHERE-LAYER-100>1.0000E-08,2.1366E+02,7.5382E+02,8.6225E-01,4.4089E-02,1.0525E-11,3.6120E-12,5.7483E-19,1.0018E-18,4.3255E-14,5.2551E-16,7.6139E-11,5.0113E-14,4.8376E-21,0.0000E+00,3.2030E-23,1.5049E-27,1.1476E-36,8.2202E-28,0.0000E+00,2.7604E-47
<SURFACE-TEMPERATURE>319.831
<SURFACE-ALBEDO>0
<SURFACE-EMISSIVITY>1.0
<SURFACE-NSURF>0
<OBJECT>K2-18b
<OBJECT-NAME>Sorg1X
<OBJECT-DIAMETER>30198
<OBJECT-GRAVITY>12.43
<OBJECT-GRAVITY-UNIT>g
<OBJECT-STAR-DISTANCE>0.1591
<OBJECT-STAR-VELOCITY>0.0
<OBJECT-STAR-TYPE>M
<OBJECT-STAR-TEMPERATURE>3500.0
<OBJECT-STAR-RADIUS>0.4445
<OBJECT-SOLAR-LONGITUDE>0.0
<OBJECT-SOLAR-LATITUDE>0.0
<OBJECT-STAR-METALLICITY>0.1<OBJECT-OBS-LONGITUDE>0.0
<OBJECT-OBS-LATITUDE>0.0
<OBJECT-INCLINATION>90.00
<OBJECT-SEASON>0.0
<OBJECT-PERIOD>32.94
<GEOMETRY-STAR-DISTANCE>0.000000e+00
<GEOMETRY-SOLAR-ANGLE>90.000
<GEOMETRY-OBS-ANGLE>48.121
<GEOMETRY-BRDFSCALER>1.000
<GEOMETRY-AZIMUTH>0.000
<GEOMETRY-STAR-FRACTION>4.098420e-05
<GEOMETRY-ROTATION>-0.00,0.05
<GENERATOR-INSTRUMENT>User
<GENERATOR-RANGE1>3
<GENERATOR-RANGE2>20
<GENERATOR-RANGEUNIT>um
<GENERATOR-RESOLUTION>1000
<GENERATOR-RESOLUTIONUNIT>RP
<GENERATOR-TELESCOPE>SINGLE
<GENERATOR-TELESCOPE2>0.0
<GENERATOR-DIAMTELE>5.64
<GENERATOR-BEAM>1.0
<GENERATOR-BEAM-UNIT>diffrac
<GENERATOR-NOISE>CCD
<GENERATOR-NOISE1>32
<GENERATOR-NOISE2>0.2
<GENERATOR-NOISEOTEMP>50
<GENERATOR-NOISEOEFF>0.00@4.52,0.04@4.72,0.07@4.90,0.12@4.98,0.16@5.13,0.18@5.18,0.20@5.24,0.23@5.39,        0.25@5.53,0.27@5.88,0.29@6.14,0.30@6.37,0.30@6.60,0.29@6.89,0.29@7.23,0.30@7.55,0.31@7.75,0.33@8.07,0.32@8.48,0.32@8.85,        0.31@9.17,0.29@9.57,0.27@9.95,0.26@10.30,0.24@10.56,0.22@10.79,0.20@10.96,0.17@11.25,0.15@11.48,0.13@11.74,0.11@12.09,0.09@12.40,0.08@12.52
<GENERATOR-NOISEOEMIS>0.10
<GENERATOR-NOISETIME>3
<GENERATOR-NOISEFRAMES>1115
<GENERATOR-NOISEPIXELS>0.76@5.01,1.03@5.65,1.44@6.57,1.87@7.54,2.17@8.24,2.49@8.95,2.76@9.55,3.08@10.30,3.44@11.03,3.72@11.69,4.03@12.35,4.30@13.02
<GENERATOR-TRANS-APPLY>N
<GENERATOR-TRANS-SHOW>N
<GENERATOR-GAS-MODEL>Y
<GENERATOR-CONT-MODEL>Y
<GENERATOR-CONT-STELLAR>Y
<GENERATOR-RADUNITS>Wsrm2um
<ATMOSPHERE-NMAX>1
<ATMOSPHERE-LMAX>2